request_id,phase,lineage_id,step,digest,snapshot_rr,snapshot_loads,snapshot_cov_row,snapshot_wseq_row,world1_target,world1_affinity,world1_coverage,world1_expected_net_ms,selected_instance,candidate_hit,dispatch_time_unix,source_truth_coverage_tokens,dispatcher_view_coverage_tokens,dispatch_state_age_s,dispatcher_view_missing,source_view_false_negative,source_view_false_positive,physical_false_positive_affinity,expected_coverage_tokens,expected_net_prefill_ms,raw_candidate_fanout,evaluated_candidate_fanout,stale_fallback,coverage_shortfall_tokens,prompt_sha256,ok,error,prior_attempt_errors,attempt_count,sse_parse_errors,ttft_ms,latency_ms,chunks,input_tokens,output_tokens,vllm_cached_tokens
32,0,2,2,L0002,32,0;0;0;0,2560;2048;0;0,7;2;0;0,0,0,2560,0.0,0,False,1788144938.6539066,2560,2560,8.277238845825195,False,False,False,False,2560,0.0,2,2,False,0.0,5f4b36666d9f3038abef713fb6a67c9807935f1ade12efbb268a5f339a4e7fef,True,,,1,0,598.653913,838.716672,6,3140,4,2608
33,0,8,0,L0008,34,1;0;0;0,0;0;0;0,0;0;0;0,2,0,0,0.0,2,False,1788144938.653961,0,0,,False,False,False,False,0,0.0,0,0,False,0.0,318f3b762a30e8f22c77183471883a086e9c1131795e4e8d7cb0db3bd38cfc2b,True,,,1,0,1054.836786,1222.213794,6,2094,4,32
34,0,57,0,L0057,35,1;0;1;0,0;0;0;0,0;0;0;0,3,0,0,0.0,3,False,1788144938.654002,0,0,,False,False,False,False,0,0.0,0,0,False,0.0,a22e9ebf3c0b482ea37477d46234a14f82973220454079bc5b28dc24b1b094b7,True,,,1,0,1141.096431,1317.944901,6,2094,4,32
35,0,22,0,L0022,36,1;0;1;1,0;0;0;0,0;0;0;0,1,0,0,0.0,1,False,1788144938.654038,0,0,,False,False,False,False,0,0.0,0,0,False,0.0,3a9fbe252dbf890a31c3724f8f983e374be5aabff6889d24ad7546a48054f4ad,True,,,1,0,1114.693291,1290.437105,6,2094,4,32
36,0,1,1,L0001,37,0;0;0;0,0;0;0;0,0;0;0;0,1,0,0,0.0,1,False,1788144939.9753182,2048,0,14.82731032371521,True,True,False,False,0,0.0,0,0,False,0.0,60ce9bd97cbcd68672268d686bb8e061973b4d9d16ee5d75c0cd300fb2434127,True,,,1,0,1427.411333,1634.879662,6,2617,4,32
37,0,58,0,L0058,38,0;1;0;0,0;0;0;0,0;0;0;0,3,0,0,0.0,3,False,1788144939.9753716,0,0,,False,False,False,False,0,0.0,0,0,False,0.0,e4f21dd301c21db981d6ca9d3d45e22806dd0fb12cd561b8ee82c167536e3bed,True,,,1,0,1246.534236,1440.347595,6,2094,4,16
38,0,0,2,L0000,39,0;1;0;1,0;0;0;0,0;0;0;0,2,0,0,0.0,2,False,1788144939.9754102,3072,0,14.827402353286743,True,True,False,False,0,0.0,0,0,False,0.0,3e643d165b8c0d2e8c8a17520105d787f259e214f7a0be6f9c3ff0d448bfef06,True,,,1,0,1149.102868,1409.200598,6,3140,4,2080
39,0,10,0,L0010,40,0;1;1;1,0;0;0;0,0;0;0;0,0,0,0,0.0,0,False,1788144939.9754457,0,0,,False,False,False,False,0,0.0,0,0,False,0.0,26a7530e8f02235f4cfe6255f798bbb3695e3e61b89cb56ff634d408195850f6,True,,,1,0,1233.699602,1424.890415,6,2094,4,32
40,0,6,0,L0006,41,0;0;0;0,0;0;0;0,0;0;0;0,1,0,0,0.0,1,False,1788144941.6123707,0,0,,False,False,False,False,0,0.0,0,0,False,0.0,e05e05188693320d88ded97408c53b09769332f44a244c2c7f5b99667ec405b4,True,,,1,0,936.043133,1083.179172,6,2094,4,32
41,0,56,0,L0056,42,0;1;0;0,0;0;0;0,0;0;0;0,0,0,0,0.0,0,False,1788144941.61242,0,0,,False,False,False,False,0,0.0,0,0,False,0.0,2a40b8b2635b76320dd2a475aa2efffb6cd0ec73047d38d3fe3407c865a616e4,True,,,1,0,1133.544875,1320.933192,6,2094,4,32
42,0,21,0,L0021,43,1;1;0;0,0;0;0;0,0;0;0;0,3,0,0,0.0,3,False,1788144941.6124585,0,0,,False,False,False,False,0,0.0,0,0,False,0.0,3b28da9c405ab0c21d37000604296cbb1903928091f5b62432aacb323ffb0f5b,True,,,1,0,1238.526504,1419.61336,6,2094,4,16
43,0,6,1,L0006,44,1;1;0;1,0;0;0;0,0;0;0;0,2,0,0,0.0,2,False,1788144941.612492,0,0,,False,False,False,False,0,0.0,0,0,False,0.0,7b353ad0597122fc1dd1aba2d942899bf5f7aa0039d02d1bddba99108aae6c62,True,,,1,0,1273.054584,1445.68332,6,2617,4,16
44,0,46,1,L0046,45,0;0;0;0,0;0;0;0,0;0;0;0,1,0,0,0.0,1,False,1788144943.061982,2048,0,17.913974046707153,True,True,False,False,0,0.0,0,0,False,0.0,dd4e2c1ec577f414564901a9a6427324ceb0bc0200f57faf8cc207feaee0b707,True,,,1,0,527.472102,743.619724,6,2617,4,2080
45,0,3,2,L0003,46,0;1;0;0,2048;0;0;0,5;0;0;0,0,1,2048,40.96,0,True,1788144943.0620482,2560,2048,14.383397579193115,False,False,False,False,2048,40.96,1,1,False,0.0,180181a65c605edbb31dd81ab044bfc971fcfe6cffb2c33ba6a6b53b2cb3ee89,True,,,1,0,1102.092052,1354.500953,6,3140,4,2080
46,0,1,2,L0001,48,1;1;0;0,0;0;0;0,0;0;0;0,2,0,0,0.0,2,False,1788144943.062093,2560,0,17.914085149765015,True,True,False,False,0,0.0,0,0,False,0.0,188419e3e7d746017c004967bd957dfa3a42ed6424f61ac394505a6a8ac44cc8,True,,,1,0,3829.568117,4359.471234,6,3140,4,32
47,0,7,2,L0007,49,1;1;1;0,0;0;2048;0,0;0;9;0,2,1,2048,38.96,2,True,1788144943.0621424,2560,2048,12.685209512710571,False,False,False,False,2048,38.96,1,1,False,0.0,4f56348a9250fa1eae23ffcadbf2ab213a88ddf4d5dec344e0a2c3ffc0565575,True,,,1,0,4064.681221,4438.518061,6,3140,4,2080
48,0,3,0,L0003,51,0;0;0;0,2048;0;2560;0,5;0;20;0,2,1,2560,51.2,2,True,1788144947.505118,3072,2560,12.034394979476929,False,False,False,False,2560,51.2,2,2,False,480.0,a601479b57a79ab3e5032d5c12c405a459963a23cc3c4b039833a4e4f36dc538,True,,,1,0,89.239417,274.21738,6,2094,4,2080
49,0,14,1,L0014,53,0;0;1;0,0;2048;0;0,0;19;0;0,1,1,2048,40.96,1,True,1788144947.5051935,2048,2048,12.034574747085571,False,False,False,False,2048,40.96,1,1,False,0.0,a16ec16e25248c392f7dabfbe07c2f0ae73723efca6a34217f848cb34a501a88,True,,,1,0,661.165025,885.48863,6,2617,4,2080
50,0,19,1,L0019,55,0;1;1;0,2048;0;0;0,15;0;0;0,0,1,2048,40.96,0,True,1788144947.5052443,2048,2048,13.881458282470703,False,False,False,False,2048,40.96,1,1,False,0.0,493b73ae19b9b92df9310ececd665685a479321db07f3d89a1e92752d4b4797d,True,,,1,0,677.436787,913.30843,6,2617,4,2080
51,0,38,0,L0038,57,1;1;1;0,0;0;0;0,0;0;0;0,3,0,0,0.0,3,False,1788144947.5052838,0,0,,False,False,False,False,0,0.0,0,0,False,0.0,bfd828658ca3afb6d764089ce33f477bd38a44e7bc9669e939ca8281eab83d68,True,,,1,0,1133.651016,1292.291328,6,2094,4,16
52,0,35,0,L0035,58,0;0;0;0,0;0;0;0,0;0;0;0,2,0,0,0.0,2,False,1788144948.8017251,0,0,,False,False,False,False,0,0.0,0,0,False,0.0,72d84f0a3d32662d7edc4fccf80fa7d61f786e5c3c814d4fcf199e977ab1ea66,True,,,1,0,1657.043578,2000.787904,6,2094,4,32
53,0,4,1,L0004,59,0;0;1;0,0;0;2048;0,0;0;4;0,2,1,2048,38.96,2,True,1788144948.8017912,2048,2048,21.400309801101685,False,False,False,False,2048,38.96,1,1,False,0.0,6206d1e15dd993478370f962e75b9079401c2c47322ef5b920dcf8a2b7a19a58,True,,,1,0,1656.489218,2000.300612,6,2617,4,2080
54,0,0,0,L0000,61,0;0;2;0,0;0;2048;3072,0;0;23;21,3,1,3072,61.44,3,True,1788144948.801845,3072,3072,13.33102822303772,False,False,False,False,3072,61.44,2,2,False,992.0,df52714a8f50e235a47ace12b3c17556904b9bd0cf6b9ade5e2ab3a8c9540206,True,,,1,0,86.114417,258.841456,6,2094,4,2080
55,0,29,1,L0029,63,0;0;2;1,2048;0;0;0,11;0;0;0,0,1,2048,40.96,0,True,1788144948.8018923,2048,2048,16.699432611465454,False,False,False,False,2048,40.96,1,1,False,0.0,17dd094e59930228555cb829531fa9de0973ee05b4f7a87ce3a1ffa1664edce6,True,,,1,0,437.793439,621.930583,6,2617,4,2080
56,0,5,0,L0005,65,0;0;0;0,0;0;0;0,0;0;0;0,1,0,0,0.0,1,False,1788144950.8050873,0,0,,False,False,False,False,0,0.0,0,0,False,0.0,fec8275d9290d592392bf0153f4741b14a6018c072e3ad5bba37ba4cdb802ef3,True,,,1,0,1142.578048,1301.811489,6,2094,4,16
57,0,25,2,L0025,66,0;1;0;0,0;0;2048;2560,0;0;6;10,3,1,2560,51.2,3,True,1788144950.8051734,2560,2560,20.42815399169922,False,False,False,False,2560,51.2,2,2,False,0.0,19d3a1f80498c49fae4991fd9e7c9a7f88cabe8219b08aba0a1b895f1f670a60,True,,,1,0,592.372063,798.17847,6,3140,4,2608
58,0,23,0,L0023,68,0;1;0;1,0;0;0;0,0;0;0;0,0,0,0,0.0,0,False,1788144950.8052206,0,0,,False,False,False,False,0,0.0,0,0,False,0.0,539f28d5aa7395f989c7908495766b3a4fcb228244fae295f02e016563fa578b,True,,,1,0,1098.8206,1288.607992,6,2094,4,16
59,0,20,0,L0020,69,1;1;0;1,0;0;0;0,0;0;0;0,2,0,0,0.0,2,False,1788144950.8052568,0,0,,False,False,False,False,0,0.0,0,0,False,0.0,e942c30aa829f83de266b03a637ec083335e1ca99e64794aed3ac77f7840233e,True,,,1,0,1055.294158,1224.403356,6,2094,4,32
60,0,0,1,L0000,70,0;0;0;0,0;0;3072;3072,0;0;35;21,2,0,3072,0.0,2,False,1788144952.1092365,3072,3072,10.497674942016602,False,False,False,False,3072,0.0,2,2,False,464.0,0c9ff9f9edbcdc5a819b27a7af5b932d14b38fc4a7f953bc9872c42b33c957b9,True,,,1,0,108.645644,1108.457011,6,2617,4,2608
61,0,49,0,L0049,72,0;0;1;0,0;0;0;0,0;0;0;0,0,0,0,0.0,0,False,1788144952.1092935,0,0,,False,False,False,False,0,0.0,0,0,False,0.0,5b89aa829f746a31f221a87facbc8d0ec42f06a8a0d4699e1160ed840e0138e2,True,,,1,0,1005.555202,1172.345376,6,2094,4,32
62,0,33,2,L0033,73,1;0;1;0,0;2048;0;2560,0;8;0;14,3,0,2560,0.0,3,False,1788144952.1093495,2560,2560,20.006528615951538,False,False,False,False,2560,0.0,2,2,False,0.0,477485199ca12cd29c73c1d7790f32a7a5bfc0710c242be2a067fcd171dbd877,True,,,1,0,598.833668,837.004286,6,3140,4,2608
63,0,13,1,L0013,75,1;0;1;1,0;0;2048;0,0;0;17;0,2,1,2048,38.96,2,True,1788144952.1093984,2048,2048,18.485246896743774,False,False,False,False,2048,38.96,1,1,False,0.0,76ee3ac418901f4650ca82e1aa9b68e639b6ad1cdb689d21b6aee7e6f7608a08,True,,,1,0,830.452858,1176.177985,6,2617,4,2080
64,0,38,1,L0038,77,0;0;0;0,0;0;0;0,0;0;0;0,1,0,0,0.0,1,False,1788144953.2897558,2048,0,28.14174795150757,True,True,False,False,0,0.0,0,0,False,0.0,d22c8c829c127b961ad86e836103c4926ace10748240ddfe327ba051cfc93339,True,,,1,0,1956.207829,2315.619894,6,2617,4,32
65,0,18,0,L0018,78,0;1;0;0,0;0;0;0,0;0;0;0,0,0,0,0.0,0,False,1788144953.289811,0,0,,False,False,False,False,0,0.0,0,0,False,0.0,7877a5ed98ffc78ad860045735ead54d1f212e3ae6e69316734c98bd847e5d50,True,,,1,0,973.084129,1137.171561,6,2094,4,32
66,0,7,0,L0007,79,1;1;0;0,0;2560;2048;0,0;27;9;0,1,1,2560,49.2,1,True,1788144953.2898707,3072,2560,14.636327981948853,False,False,False,False,2560,49.2,2,2,False,480.0,39044a759c91d36c61fa93d914e6b7b7f0e1158d8616cceec6c4119ab1ffcafe,True,,,1,0,1954.686739,2314.045737,6,2094,4,2080
67,0,36,0,L0036,81,1;2;0;0,0;0;0;0,0;0;0;0,3,0,0,0.0,3,False,1788144953.2899125,0,0,,False,False,False,False,0,0.0,0,0,False,0.0,110a69e605f691e1b72f0b955f84df377fe4b0baa2298c5027f919f535cb6065,True,,,1,0,902.714777,1060.065909,6,2094,4,16
68,0,15,1,L0015,82,0;0;0;0,0;0;0;2048,0;0;0;25,3,1,2048,40.96,3,True,1788144955.6076782,2048,2048,18.71894598007202,False,False,False,False,2048,40.96,1,1,False,0.0,88e3f320532c6fcdc5969e7ebc3d132c1450e9bfd088212b3cd5a67974fbf7a9,True,,,1,0,559.319779,975.479214,6,2617,4,2080
69,0,8,1,L0008,84,0;0;0;1,0;0;2048;0,0;0;30;0,2,1,2048,40.96,2,True,1788144955.607741,2048,2048,15.633479356765747,False,False,False,False,2048,40.96,1,1,False,0.0,9998fe0dfe431472e4b143e0587a109603e81c02fef9921621464a7ca39711a6,True,,,1,0,612.609876,964.877073,6,2617,4,2080
70,0,0,2,L0000,86,0;0;1;1,0;0;3072;3072,0;0;35;21,3,1,3072,59.44,3,True,1788144955.6077979,2560,3072,20.13698101043701,False,False,True,False,3072,59.44,2,2,False,0.0,3e643d165b8c0d2e8c8a17520105d787f259e214f7a0be6f9c3ff0d448bfef06,True,,,1,0,704.15436,1050.536334,6,3140,4,3136
71,0,0,0,L0000,88,0;0;1;2,0;0;3072;3072,0;0;35;21,2,1,3072,59.44,2,True,1788144955.607844,2560,3072,13.996282577514648,False,False,True,False,3072,59.44,2,2,False,992.0,df52714a8f50e235a47ace12b3c17556904b9bd0cf6b9ade5e2ab3a8c9540206,True,,,1,0,735.921956,1025.206789,6,2094,4,2080
72,0,8,2,L0008,90,0;0;0;0,0;0;2048;0,0;0;30;0,2,0,2048,0.0,2,False,1788144956.662008,2560,2048,16.687746286392212,False,False,False,False,2048,0.0,1,1,False,0.0,4e1fbad13d5d6e82448151615211b24c777a44674ecb12b567d6000cb922e196,True,,,1,0,580.557803,995.708345,6,3140,4,2608
73,0,7,1,L0007,92,0;0;1;0,0;2560;3072;0,0;27;43;0,2,1,3072,59.44,2,True,1788144956.6620748,3072,3072,9.157435417175293,False,False,False,False,3072,59.44,2,2,False,464.0,85f8076207c19542c8ab615e5eca1c9e6f3e660ea83eef7cd0bd91c21d676f13,True,,,1,0,726.037591,1107.939805,6,2617,4,2608
74,0,8,0,L0008,94,0;0;2;0,0;0;2048;0,0;0;30;0,2,1,2048,36.96,2,True,1788144956.6621268,2560,2048,16.687865018844604,False,False,False,False,2048,36.96,1,1,False,0.0,318f3b762a30e8f22c77183471883a086e9c1131795e4e8d7cb0db3bd38cfc2b,True,,,1,0,725.598378,1107.565903,6,2094,4,2080
75,0,1,0,L0001,96,0;0;3;0,0;2560;0;2048,0;33;0;26,1,1,2560,51.2,1,True,1788144956.6621892,3072,2560,15.051569938659668,False,False,False,False,2560,51.2,2,2,False,480.0,b0925efae1c736debdecee24b0fc4cc017fd012e234888d6bba1045074eff509,True,,,1,0,88.548853,264.022812,6,2094,4,2080
76,0,4,2,L0004,98,0;0;0;0,0;0;2560;0,0;0;49;0,2,0,2560,0.0,2,False,1788144957.7733593,2560,2560,6.969577074050903,False,False,False,False,2560,0.0,1,1,False,0.0,c9b1846924727e48d61f3d82021c81cbf55b72034cd72efdac46a82a25e2a777,True,,,1,0,633.226136,1075.232666,6,3140,4,2608
77,0,16,0,L0016,100,0;0;1;0,0;0;0;0,0;0;0;0,1,0,0,0.0,1,False,1788144957.7734137,0,0,,False,False,False,False,0,0.0,0,0,False,0.0,d11650e7b757962d0060a1645fcd52077472a619ac8fe25842e55edfa5905fa7,True,,,1,0,1169.543188,1354.420526,6,2094,4,16
78,0,42,0,L0042,101,0;1;1;0,0;0;0;0,0;0;0;0,3,0,0,0.0,3,False,1788144957.773456,0,0,,False,False,False,False,0,0.0,0,0,False,0.0,7f166b733412e58a8ddf563309c4b86faffd2a45381854a96b373853ea5e2741,True,,,1,0,1193.816479,1396.502119,6,2094,4,32
79,0,0,1,L0000,102,0;1;1;1,0;0;3072;2048,0;0;35;50,2,1,3072,59.44,2,True,1788144957.7735066,3072,3072,16.161945104599,False,False,True,False,3072,59.44,2,2,False,464.0,0c9ff9f9edbcdc5a819b27a7af5b932d14b38fc4a7f953bc9872c42b33c957b9,True,,,1,0,785.943669,1148.048601,6,2617,4,2608
80,0,57,1,L0057,104,0;0;0;0,0;0;0;2048,0;0;0;31,3,1,2048,40.96,3,True,1788144959.1735823,2048,2048,19.198957920074463,False,False,False,False,2048,40.96,1,1,False,0.0,3de520de68300cf16a3c3ca5812501fd1704d77004c8cf8aac241652a9da280d,True,,,1,0,524.367718,734.508669,6,2617,4,2080
81,0,3,1,L0003,106,0;0;0;1,3072;0;2048;0,42;0;44;0,0,1,3072,61.44,0,True,1788144959.1736479,3072,3072,11.669931173324585,False,False,False,False,3072,61.44,2,2,False,464.0,ca7798d2247ea394a71e37d08f7d27318163a2b042f8e847b8373e55092323dd,True,,,1,0,200.785818,654.799179,6,2617,4,2608
82,0,2,0,L0002,108,1;0;0;1,3072;2048;0;0,29;2;0;0,0,1,3072,18.48,0,True,1788144959.1737013,3072,3072,19.20001482963562,False,False,False,False,3072,18.48,2,2,False,992.0,86d82909efaabd4f19ea95b019309fb633835338fd7638619938c5d3803d8874,True,,,1,0,408.97233,714.783221,6,2094,4,2080
83,0,22,1,L0022,110,2;0;0;1,0;2048;0;0,0;32;0;0,1,0,2048,0.0,1,False,1788144959.1737473,2048,2048,19.198796272277832,False,False,False,False,2048,0.0,1,1,False,0.0,18a3ea63a4592ace62de445b35a21793d808598d4893e4b560ff26c345c38157,True,,,1,0,509.68361,721.14896,6,2617,4,2080
84,0,20,1,L0020,112,0;0;0;0,0;0;0;0,0;0;0;0,0,0,0,0.0,0,False,1788144959.9104493,2048,0,34.76244139671326,True,True,False,False,0,0.0,0,0,False,0.0,4544c250c8219a8a202d63be2f0ef0c269fa0d53d41ace83c7e8b24aa9e0a10a,True,,,1,0,1590.710519,1800.676641,6,2617,4,16
85,0,46,2,L0046,113,1;0;0;0,0;2560;0;0,0;41;0;0,1,1,2560,51.2,1,True,1788144959.9105182,2560,2560,12.407427549362183,False,False,False,False,2560,51.2,1,1,False,0.0,ccd00e45ee0fe9f2a8aaf5dc88e3f98694b5faf51bf226d14f0ac690a68519ee,True,,,1,0,592.513444,827.226213,6,3140,4,2608
86,0,18,1,L0018,115,1;1;0;0,0;0;0;0,0;0;0;0,3,0,0,0.0,3,False,1788144959.9105623,2048,0,34.76255440711975,True,True,False,False,0,0.0,0,0,False,0.0,77bf48977d37cb320ebcf78cecb8f9206509f45d5bb7bec0ed870455d1dbf175,True,,,1,0,1541.830993,1765.246927,6,2617,4,32
87,0,59,0,L0059,116,1;1;0;1,0;0;0;0,0;0;0;0,2,0,0,0.0,2,False,1788144959.9105997,0,0,,False,False,False,False,0,0.0,0,0,False,0.0,caf92285ac09d7955047c8ce4be5ec7cd4ae7c89763f53cd695e4090e882a459,True,,,1,0,1044.886498,1207.978088,6,2094,4,32
88,0,4,0,L0004,117,0;0;0;0,0;0;2560;0,0;0;49;0,2,1,2560,51.2,2,True,1788144961.7135472,3072,2560,10.909765005111694,False,False,False,False,2560,51.2,1,1,False,480.0,b70182b81962e79bae4dde50e0e9954b352f261d724f609a3792ead929f0d564,True,,,1,0,102.630137,1696.007454,6,2094,4,2080
89,0,29,2,L0029,119,0;0;1;0,2560;0;0;0,51;0;0;0,0,1,2560,51.2,0,True,1788144961.7136118,2560,2560,10.908972024917603,False,False,False,False,2560,51.2,1,1,False,0.0,a9ce101a1a67103ab6734cf28e1036c866597d03e4bc9374d5f6dbd281e328b6,True,,,1,0,530.558211,749.152343,6,3140,4,2608
90,0,48,0,L0048,121,1;0;1;0,0;0;0;0,0;0;0;0,3,0,0,0.0,3,False,1788144961.7136548,0,0,,False,False,False,False,0,0.0,0,0,False,0.0,b278a6c878290bb0383759ec38bca32c9ef7907cab5db201fa84787cc7b2652f,True,,,1,0,999.38528,1168.269024,6,2094,4,32
91,0,20,2,L0020,122,1;0;1;1,0;0;2048;0,0;0;55;0,2,1,2048,38.96,2,True,1788144961.7137017,2560,2048,9.60492491722107,False,False,False,False,2048,38.96,1,1,False,0.0,8a2e31d139c77013c84d3f5ebf4734ab9dafad1087a05227dfd08124390670d2,True,,,1,0,1448.207139,1763.72111,6,3140,4,2080
92,0,2,1,L0002,124,0;0;0;0,3072;2048;0;0,29;2;0;0,0,0,3072,0.0,0,False,1788144963.4816828,2048,3072,23.507996320724487,False,False,False,False,3072,0.0,2,2,False,464.0,a738a3465b1a4f585571f5b3058105e820cda6e1726869c1458af5fd5cfd2d60,True,,,1,0,103.583932,310.472819,6,2617,4,2608
93,0,0,2,L0000,126,1;0;0;0,0;0;2560;2048,0;0;56;50,2,1,2560,51.2,2,True,1788144963.481749,3072,2560,10.193915605545044,False,False,False,False,2560,51.2,2,2,False,0.0,3e643d165b8c0d2e8c8a17520105d787f259e214f7a0be6f9c3ff0d448bfef06,True,,,1,0,180.307333,1363.204716,6,3140,4,3136
94,0,17,0,L0017,128,1;0;1;0,0;0;0;0,0;0;0;0,1,0,0,0.0,1,False,1788144963.4817927,0,0,,False,False,False,False,0,0.0,0,0,False,0.0,54da699b5ccf5c057808541ad5632f4f73a733a6ae434f8b020a47bfad444b57,True,,,1,0,1275.118051,1451.462266,6,2094,4,32
95,0,13,2,L0013,129,1;1;1;0,0;0;2048;0,0;0;17;0,2,1,2048,38.96,2,True,1788144963.4818406,2560,2048,29.857689142227173,False,False,False,False,2048,38.96,1,1,False,0.0,a2cf8ca2888370b8160691d2af1eaf9e593edc66ec8216a832370fbd2542ffbc,True,,,1,0,1045.536193,1441.91536,6,3140,4,2608
96,1,106,0,L0106,131,0;0;0;0,0;0;0;0,0;0;0;0,3,0,0,0.0,3,False,1788144964.937048,0,0,,False,False,False,False,0,0.0,0,0,False,0.0,3cfa0ab233506d90658d1f0f15bdeb714b2a678519de8084e2668c41cadec931,True,,,1,0,1218.008009,1400.449399,6,2094,4,32
97,1,113,0,L0113,132,0;0;0;1,0;0;0;0,0;0;0;0,0,0,0,0.0,0,False,1788144964.937099,0,0,,False,False,False,False,0,0.0,0,0,False,0.0,54b2a1ce93ded2c0dbcee207ed83e91eb68b8831a400b942ae978b5b187bf6b7,True,,,1,0,982.514084,1153.768257,6,2094,4,32
98,1,91,0,L0091,133,1;0;0;1,0;0;0;0,0;0;0;0,2,0,0,0.0,2,False,1788144964.9371378,0,0,,False,False,False,False,0,0.0,0,0,False,0.0,b05a799dff489cb5148a830ce543ba2494ff928764e10ada3a91806de459cb87,True,,,1,0,1114.782441,1277.914598,6,2094,4,32
99,1,66,0,L0066,134,1;0;1;1,0;0;0;0,0;0;0;0,1,0,0,0.0,1,False,1788144964.9371848,0,0,,False,False,False,False,0,0.0,0,0,False,0.0,0a25bc856718e1ec8b1a7d0c9f153ef053a6b976113a4f45d288b631eb5d19bf,True,,,1,0,1053.432753,1218.371913,6,2094,4,32
100,1,110,0,L0110,135,0;0;0;0,0;0;0;0,0;0;0;0,3,0,0,0.0,3,False,1788144966.3397253,0,0,,False,False,False,False,0,0.0,0,0,False,0.0,13154335fc6142171075d06b7d9662b45ab6bd19a23c4ad4de3f75aaffccea34,True,,,1,0,981.20879,1150.045163,6,2094,4,32
101,1,103,0,L0103,136,0;0;0;1,0;0;0;0,0;0;0;0,1,0,0,0.0,1,False,1788144966.3397741,0,0,,False,False,False,False,0,0.0,0,0,False,0.0,837a01d33bca3eda946c753e30a73b0ab880bfa434da8ef80ece6fbd5ab8c095,True,,,1,0,1063.128771,1234.795779,6,2094,4,32
102,1,75,0,L0075,137,0;1;0;1,0;0;0;0,0;0;0;0,2,0,0,0.0,2,False,1788144966.3398125,0,0,,False,False,False,False,0,0.0,0,0,False,0.0,45f8e5c8e03ce82a11d7b20389249043b4c6093e75518d1df037648a35c40cbb,True,,,1,0,1091.29328,1258.915931,6,2094,4,32
103,1,64,0,L0064,138,0;1;1;1,0;0;0;0,0;0;0;0,0,0,0,0.0,0,False,1788144966.339846,0,0,,False,False,False,False,0,0.0,0,0,False,0.0,89ab1fd29fabb4831977c76f7364b0119b43312d502c19ceae559c069078a15f,True,,,1,0,994.483645,1167.217079,6,2094,4,32
104,1,70,0,L0070,139,0;0;0;0,0;0;0;0,0;0;0;0,3,0,0,0.0,3,False,1788144967.6021342,0,0,,False,False,False,False,0,0.0,0,0,False,0.0,0ca9f62236454f7ebedef36506ff2c0938e3ec6b7ed21a12e98ca6f7e601a7f4,True,,,1,0,956.751662,1112.783828,6,2094,4,32
105,1,64,1,L0064,140,0;0;0;1,0;0;0;0,0;0;0;0,2,0,0,0.0,2,False,1788144967.6021962,2048,0,42.45418834686279,True,True,False,False,0,0.0,0,0,False,0.0,6cefa8536cc24ccbd5b306d5f391b62218b19e55d7e36c5b5dc9cbd86e9e78a4,True,,,1,0,1719.655536,1957.230381,6,2617,4,32
106,1,106,1,L0106,141,0;0;1;1,0;0;0;0,0;0;0;0,1,0,0,0.0,1,False,1788144967.6022372,2048,0,42.4542293548584,True,True,False,False,0,0.0,0,0,False,0.0,b5776a5475319428d03e45eaf73447ebe90ab633e7ed1002833cfafdd9f90bb5,True,,,1,0,1679.533419,1905.049238,6,2617,4,32
107,1,102,0,L0102,142,0;1;1;1,0;0;0;0,0;0;0;0,0,0,0,0.0,0,False,1788144967.602274,0,0,,False,False,False,False,0,0.0,0,0,False,0.0,e3b7b87ca62a3c8d1559a0996bea20d3c1aef3527fda21649ffa74393bfd81e1,True,,,1,0,976.420991,1139.190758,6,2094,4,16
108,1,64,2,L0064,143,0;0;0;0,0;0;0;0,0;0;0;0,3,0,0,0.0,3,False,1788144969.562446,2560,0,44.414438247680664,True,True,False,False,0,0.0,0,0,False,0.0,8cb4f8bc22abce3cffa9e6382555a3d5f5972c5325cb1a3803a7ef8e35ac2050,True,,,1,0,1915.557384,2131.357113,6,3140,4,32
109,1,71,0,L0071,144,0;0;0;1,0;0;0;0,0;0;0;0,0,0,0,0.0,0,False,1788144969.5624976,0,0,,False,False,False,False,0,0.0,0,0,False,0.0,9f84395d1280ba178eac698c5bf1fc96b91392a8c65aaf89939f697412a02254,True,,,1,0,1228.411831,1412.170383,6,2094,4,32
110,1,71,1,L0071,145,1;0;0;1,0;0;0;0,0;0;0;0,2,0,0,0.0,2,False,1788144969.5625372,0,0,,False,False,False,False,0,0.0,0,0,False,0.0,6c46d0fe1741414f3f6682b34bc71933d022b994528fcb36a92aea361de1d168,True,,,1,0,1377.72888,1571.622104,6,2617,4,32
111,1,73,0,L0073,146,1;0;1;1,0;0;0;0,0;0;0;0,1,0,0,0.0,1,False,1788144969.5625706,0,0,,False,False,False,False,0,0.0,0,0,False,0.0,24f9e8e67379c7c5443bcac6192a41e1d1301930589155615b99966088e6e47e,True,,,1,0,1142.718556,1326.998005,6,2094,4,32
112,1,93,0,L0093,147,0;0;0;0,0;0;0;0,0;0;0;0,3,0,0,0.0,3,False,1788144971.6961787,0,0,,False,False,False,False,0,0.0,0,0,False,0.0,817d07455212beb2dc7410833d8eded11801521fecc6f5094d1dc9fc7a819a6e,True,,,1,0,1232.26858,1422.326618,6,2094,4,32
113,1,124,0,L0124,148,0;0;0;1,0;0;0;0,0;0;0;0,1,0,0,0.0,1,False,1788144971.69623,0,0,,False,False,False,False,0,0.0,0,0,False,0.0,ebd494cab083a679577aa88d0bf1d2cceafe556b3a6ce4aa9b7fc8174c6f67f1,True,,,1,0,1213.171409,1393.555988,6,2094,4,32
114,1,82,0,L0082,149,0;1;0;1,0;0;0;0,0;0;0;0,2,0,0,0.0,2,False,1788144971.6962678,0,0,,False,False,False,False,0,0.0,0,0,False,0.0,a1d552d4d8a11f951eb496beada574e67aa0f958174774c1cd4b0e1ad7ae13a5,True,,,1,0,964.071207,1127.699025,6,2094,4,16
115,1,70,1,L0070,150,0;1;1;1,0;0;0;0,0;0;0;0,0,0,0,0.0,0,False,1788144971.696302,2048,0,46.54829406738281,True,True,False,False,0,0.0,0,0,False,0.0,58b67c0c2115a5f30edbe4bc168b0a79312cae3cc58584d15226aae0fe94644c,True,,,1,0,1352.957125,1555.073376,6,2617,4,32
116,1,81,0,L0081,151,0;0;0;0,0;0;0;0,0;0;0;0,3,0,0,0.0,3,False,1788144973.2553782,0,0,,False,False,False,False,0,0.0,0,0,False,0.0,2aa9d8c934f2c78086874f3979cbe9ba4e6fa196e00d9b6ff27c8366e687562f,True,,,1,0,934.905494,1092.250519,6,2094,4,32
117,1,120,0,L0120,152,0;0;0;1,0;0;0;0,0;0;0;0,2,0,0,0.0,2,False,1788144973.2554283,0,0,,False,False,False,False,0,0.0,0,0,False,0.0,03ddf84cf647163a581fec113cbbe2fa3d91642d345789b263b91fd5d5911d07,True,,,1,0,1091.570217,1262.642491,6,2094,4,32
118,1,89,0,L0089,153,0;0;1;1,0;0;0;0,0;0;0;0,1,0,0,0.0,1,False,1788144973.255468,0,0,,False,False,False,False,0,0.0,0,0,False,0.0,b509c24acad483e986c3e475841979ce3c04a1347257e5bb59e31e1d69856d6d,True,,,1,0,1113.218759,1293.357233,6,2094,4,32
119,1,77,0,L0077,154,0;1;1;1,0;0;0;0,0;0;0;0,0,0,0,0.0,0,False,1788144973.2555006,0,0,,False,False,False,False,0,0.0,0,0,False,0.0,c076fa038cd2be65662971a6b9cc8cde9ce3a247274ae48747992c4ce73d940e,True,,,1,0,1039.371313,1216.571137,6,2094,4,32
120,1,123,0,L0123,155,0;0;0;0,0;0;0;0,0;0;0;0,3,0,0,0.0,3,False,1788144974.5523229,0,0,,False,False,False,False,0,0.0,0,0,False,0.0,de32283b0a581e55893b3b5b1fcc449e1869da0c36d1a3617e42b3dffe2be1a9,True,,,1,0,1203.554028,1401.435176,6,2094,4,16
121,1,82,1,L0082,156,0;0;0;1,0;0;0;0,0;0;0;0,0,0,0,0.0,0,False,1788144974.5523727,2048,0,49.404364824295044,True,True,False,False,0,0.0,0,0,False,0.0,b518871ae5799b9e9c4b206ee9c5cbf2ff3457bd8d642fe0644424554ffeb836,True,,,1,0,1389.091352,1583.259689,6,2617,4,32
122,1,64,0,L0064,157,1;0;0;1,0;0;0;0,0;0;0;0,2,0,0,0.0,2,False,1788144974.552413,3072,0,49.40440511703491,True,True,False,False,0,0.0,0,0,False,0.0,89ab1fd29fabb4831977c76f7364b0119b43312d502c19ceae559c069078a15f,True,,,1,0,96.32954,295.403461,6,2094,4,2080
123,1,67,0,L0067,158,1;0;1;1,0;0;0;0,0;0;0;0,1,0,0,0.0,1,False,1788144974.5524511,0,0,,False,False,False,False,0,0.0,0,0,False,0.0,476312442543fe078be4e6568d8f107220f6d461ab0c6eb0545d91beb5a0e4cb,True,,,1,0,963.484851,1118.723776,6,2094,4,32
124,1,89,1,L0089,159,0;0;0;0,0;0;0;0,0;0;0;0,3,0,0,0.0,3,False,1788144976.1385922,2048,0,50.99058437347412,True,True,False,False,0,0.0,0,0,False,0.0,7134063efc1dbd0ac2796c9743908c114e83471151b8bf2ace9291d86b8d9fa3,True,,,1,0,1388.037639,1592.594684,6,2617,4,32
125,1,84,0,L0084,160,0;0;0;1,0;0;0;0,0;0;0;0,1,0,0,0.0,1,False,1788144976.138644,0,0,,False,False,False,False,0,0.0,0,0,False,0.0,ec1f5c2b316a7fb78a877c7b05bbb01b96a0602f0aeaf02570359610d9ef26af,True,,,1,0,1215.613668,1399.881625,6,2094,4,32
126,1,70,2,L0070,161,0;1;0;1,0;0;0;0,0;0;0;0,2,0,0,0.0,2,False,1788144976.1386828,2560,0,50.99067497253418,True,True,False,False,0,0.0,0,0,False,0.0,82600a2cd3c7ed766e7ed488a6a08935ae1be9141a5e8ab58f16a6770407ebc6,True,,,1,0,2047.356067,2300.071591,6,3140,4,32
127,1,75,1,L0075,162,0;1;1;1,0;0;0;0,0;0;0;0,0,0,0,0.0,0,False,1788144976.1387198,2048,0,50.99071192741394,True,True,False,False,0,0.0,0,0,False,0.0,248e262be555d1ed3559125610c0fb427e20a6a4afa4a4d0bccc2c5f63a7be49,True,,,1,0,1669.320094,1905.334219,6,2617,4,32
128,1,96,0,L0096,163,0;0;0;0,0;0;0;0,0;0;0;0,3,0,0,0.0,3,False,1788144978.4423902,0,0,,False,False,False,False,0,0.0,0,0,False,0.0,aeb09f007c907ca4157acdab828bb9917b5482c2006d6c3fd916968330d82f49,True,,,1,0,1015.710935,1179.63604,6,2094,4,32
129,1,79,0,L0079,164,0;0;0;1,0;0;0;0,0;0;0;0,2,0,0,0.0,2,False,1788144978.4424388,0,0,,False,False,False,False,0,0.0,0,0,False,0.0,bf8a46bf7b516561f116c0146f7e55c83e503ac3aab8fc0e2a7e4b72073fddc0,True,,,1,0,1196.08538,1368.164048,6,2094,4,32
130,1,86,0,L0086,165,0;0;1;1,0;0;0;0,0;0;0;0,1,0,0,0.0,1,False,1788144978.4424787,0,0,,False,False,False,False,0,0.0,0,0,False,0.0,28c82f7adcdebd27022ea32cc2c92775c73609fa0e40fc2fad4f82d80f51254f,True,,,1,0,1090.720787,1270.891493,6,2094,4,32
131,1,90,0,L0090,166,0;1;1;1,0;0;0;0,0;0;0;0,0,0,0,0.0,0,False,1788144978.4425128,0,0,,False,False,False,False,0,0.0,0,0,False,0.0,d9ecf2216ee2bab96c1874019c2e27c2630abcc40c46dae3c7bfbb009db49543,True,,,1,0,990.838909,1153.358613,6,2094,4,32
132,1,68,0,L0068,167,0;0;0;0,0;0;0;0,0;0;0;0,3,0,0,0.0,3,False,1788144979.813437,0,0,,False,False,False,False,0,0.0,0,0,False,0.0,a5c17c6d070c1cb54024ecffec062cbdcf4c04d32d89e6262c9fe0610b04bf15,True,,,1,0,1049.500279,1217.465848,6,2094,4,32
133,1,120,1,L0120,168,0;0;0;1,0;0;0;0,0;0;0;0,0,0,0,0.0,0,False,1788144979.8134878,2048,0,54.66547989845276,True,True,False,False,0,0.0,0,0,False,0.0,9a76f92a9924a20cd7f9346f5335a9d0f2ade96f10dda725d9936d655e7ecb01,True,,,1,0,1397.272907,1600.083255,6,2617,4,32
134,1,99,0,L0099,169,1;0;0;1,0;0;0;0,0;0;0;0,2,0,0,0.0,2,False,1788144979.8135288,0,0,,False,False,False,False,0,0.0,0,0,False,0.0,6e77d65e616b886d26b292942649670124074d86310411931bad17d995fcabf6,True,,,1,0,1217.179248,1405.224132,6,2094,4,32
135,1,67,1,L0067,170,1;0;1;1,0;0;0;0,0;0;0;0,1,0,0,0.0,1,False,1788144979.8135643,2048,0,54.66555643081665,True,True,False,False,0,0.0,0,0,False,0.0,b2c447e9f5fbb6c26de7c8febd15b8388c2a31aa8010b5dc3ba74f201fd5d1e5,True,,,1,0,426.092735,613.158208,6,2617,4,2080
136,1,77,1,L0077,171,0;0;0;0,0;0;0;0,0;0;0;0,3,0,0,0.0,3,False,1788144981.4165752,2048,0,56.26856732368469,True,True,False,False,0,0.0,0,0,False,0.0,8963bdcd071e782cf0b9d09c82025d29f069ca2dd4df4a6da14cbdce41bf3c07,True,,,1,0,1658.103488,1862.564621,6,2617,4,32
137,1,69,0,L0069,172,0;0;0;1,0;0;0;0,0;0;0;0,1,0,0,0.0,1,False,1788144981.4166276,0,0,,False,False,False,False,0,0.0,0,0,False,0.0,b77f4089e2b8b8816b909dfb7e87d00e67934976cb8075d277476b515802c386,True,,,1,0,1036.144179,1201.20604,6,2094,4,32
138,1,98,0,L0098,173,0;1;0;1,0;0;0;0,0;0;0;0,2,0,0,0.0,2,False,1788144981.416668,0,0,,False,False,False,False,0,0.0,0,0,False,0.0,f69bdf7955e51345acc35520f2d2d4825df78993d1749553bafd9cb60583fc26,True,,,1,0,1238.984837,1432.271947,6,2094,4,32
139,1,97,0,L0097,174,0;1;1;1,0;0;0;0,0;0;0;0,0,0,0,0.0,0,False,1788144981.4167023,0,0,,False,False,False,False,0,0.0,0,0,False,0.0,da99206da6163c586bd6d4c7216f710fe019547bd3cb2b837ac7b8d2a023b54a,True,,,1,0,979.766595,1146.737515,6,2094,4,32
140,1,94,0,L0094,175,0;0;0;0,0;0;0;0,0;0;0;0,3,0,0,0.0,3,False,1788144983.2814384,0,0,,False,False,False,False,0,0.0,0,0,False,0.0,8bfffd120a064e1695f8566bbf5e59e5e78df71bdd41ba207ab65ed3cb916a04,True,,,1,0,1084.331698,1247.875936,6,2094,4,32
141,1,71,2,L0071,176,0;0;0;1,2048;0;2560;0,104;0;105;0,2,0,2560,0.0,2,False,1788144983.2815099,2560,2560,11.586183786392212,False,False,False,False,2560,0.0,2,2,False,0.0,eb8a8554282c2bb0fd3335f4de1801aab3cdf1b7810329c258794d425f0eac55,True,,,1,0,560.165133,1025.826931,6,3140,4,2608
142,1,126,0,L0126,178,0;0;1;1,0;0;0;0,0;0;0;0,0,0,0,0.0,0,False,1788144983.281557,0,0,,False,False,False,False,0,0.0,0,0,False,0.0,0f704a4a64cdbc26c2281e2ddd781444a6c1aa9f4bf946b28c974032f8e7f5d8,True,,,1,0,1213.38865,1397.479274,6,2094,4,32
143,1,64,1,L0064,179,1;0;1;1,2048;0;2560;0,99;0;101;0,2,1,2560,49.2,2,True,1788144983.2816079,3072,2560,13.720494270324707,False,False,True,False,2560,49.2,2,2,False,0.0,6cefa8536cc24ccbd5b306d5f391b62218b19e55d7e36c5b5dc9cbd86e9e78a4,True,,,1,0,746.020443,1102.125183,6,2617,4,2608
144,1,65,0,L0065,181,0;0;0;0,0;0;0;0,0;0;0;0,1,0,0,0.0,1,False,1788144984.776206,0,0,,False,False,False,False,0,0.0,0,0,False,0.0,56964a72bf089a024abb9753a66c993481744904c3692c4c17993e1b9828f14b,True,,,1,0,1122.387816,1290.246789,6,2094,4,32
145,1,83,0,L0083,182,0;1;0;0,0;0;0;0,0;0;0;0,3,0,0,0.0,3,False,1788144984.7762363,0,0,,False,False,False,False,0,0.0,0,0,False,0.0,c256720c22ae356687a4a382e94935be65c43e70be4663835b4a4d5d3e0a4c75,True,,,1,0,1256.445722,1468.081674,6,2094,4,32
146,1,83,1,L0083,183,0;1;0;1,0;0;0;0,0;0;0;0,2,0,0,0.0,2,False,1788144984.7762558,0,0,,False,False,False,False,0,0.0,0,0,False,0.0,227001eeeeb33f31ceedbaaa0efdf733d1b86c39b39d7b0c6008192dacd42e63,True,,,1,0,1696.11985,1928.975776,6,2617,4,32
147,1,68,1,L0068,184,0;1;1;1,0;0;0;0,0;0;0;0,0,0,0,0.0,0,False,1788144984.776274,2048,0,59.62826609611511,True,True,False,False,0,0.0,0,0,False,0.0,092dfd1e6f092af828a4ed2a322691e0672d8d664e56d36ac0ee5c2a7134bc7e,True,,,1,0,1328.109703,1513.558504,6,2617,4,32
148,1,64,2,L0064,185,0;0;0;0,2048;0;2048;0,99;0;117;0,0,1,2048,40.96,0,True,1788144986.7069943,3072,2048,19.10527515411377,False,False,False,False,2048,40.96,2,2,False,0.0,8cb4f8bc22abce3cffa9e6382555a3d5f5972c5325cb1a3803a7ef8e35ac2050,True,,,1,0,1029.256423,1400.762337,6,3140,4,2080
149,1,67,2,L0067,187,1;0;0;0,0;2048;0;0,0;118;0;0,1,1,2048,40.96,1,True,1788144986.7070186,2560,2048,10.56884217262268,False,False,False,False,2048,40.96,1,1,False,0.0,aad5b3781ff3e048274f5cb2dc46a72ff8aea6fdcdaa3eaabdb1f8d93b2be051,True,,,1,0,518.073617,743.897559,6,3140,4,2608
150,1,80,0,L0080,189,1;1;0;0,0;0;0;0,0;0;0;0,3,0,0,0.0,3,False,1788144986.7070343,0,0,,False,False,False,False,0,0.0,0,0,False,0.0,bdadcdae169eb56d6e50e6472b9f5b1d822adad11efb3e6d53f9ab6488c0a3e3,True,,,1,0,1052.506157,1224.899555,6,2094,4,32
151,1,70,0,L0070,190,1;1;0;1,2560;0;0;2048,110;0;0;100,0,1,2560,49.2,0,True,1788144986.7070525,3072,2560,13.452149629592896,False,False,False,False,2560,49.2,2,2,False,480.0,0ca9f62236454f7ebedef36506ff2c0938e3ec6b7ed21a12e98ca6f7e601a7f4,True,,,1,0,1157.973323,1461.00511,6,2094,4,2080
152,1,87,0,L0087,192,0;0;0;0,0;0;0;0,0;0;0;0,0,0,0,0.0,0,False,1788144988.1697316,0,0,,False,False,False,False,0,0.0,0,0,False,0.0,da9bf24c1ead4976d9da0228738136e882729bcbed2cf471c9676882cd0f27cf,True,,,1,0,1050.360581,1227.458848,6,2094,4,32
153,1,85,0,L0085,193,1;0;0;0,0;0;0;0,0;0;0;0,2,0,0,0.0,2,False,1788144988.1697507,0,0,,False,False,False,False,0,0.0,0,0,False,0.0,e934050040faf6cad44668a8874742139210ec48ac202ba875da4fc4f2134250,True,,,1,0,1034.898633,1202.316329,6,2094,4,32
154,1,104,0,L0104,194,1;0;1;0,0;0;0;0,0;0;0;0,1,0,0,0.0,1,False,1788144988.169764,0,0,,False,False,False,False,0,0.0,0,0,False,0.0,d69a76cce96e4c6ab43d05ebc2e86adac39d61740ca28c9bdf40a6e07b01afca,True,,,1,0,1053.740027,1222.679718,6,2094,4,32
155,1,117,0,L0117,195,1;1;1;0,0;0;0;0,0;0;0;0,3,0,0,0.0,3,False,1788144988.169776,0,0,,False,False,False,False,0,0.0,0,0,False,0.0,0829cf4b1985dbe853454c80735ea2a816950b912428eca3d0b594cd6541d0fe,True,,,1,0,1184.742901,1358.041928,6,2094,4,32
156,1,67,0,L0067,196,0;0;0;0,0;2048;0;0,0;118;0;0,1,1,2048,40.96,1,True,1788144989.5305722,3072,2048,13.392395734786987,False,False,False,False,2048,40.96,1,1,False,0.0,476312442543fe078be4e6568d8f107220f6d461ab0c6eb0545d91beb5a0e4cb,True,,,1,0,87.202499,1048.692611,6,2094,4,2080
157,1,125,0,L0125,198,0;1;0;0,0;0;0;0,0;0;0;0,0,0,0,0.0,0,False,1788144989.530627,0,0,,False,False,False,False,0,0.0,0,0,False,0.0,f66cad5ce8a5037b530920a1495408fea31ef2ea300b030a20497b261565ae4b,True,,,1,0,1133.937938,1305.249499,6,2094,4,32
158,1,66,1,L0066,199,1;1;0;0,0;2048;0;0,0;95;0;0,1,1,2048,38.96,1,True,1788144989.5306792,2048,2048,23.19136643409729,False,False,False,False,2048,38.96,1,1,False,0.0,46f926e5aecbe026377c2d2863a23d357600add3027be72eefd4ea0992dfbf72,True,,,1,0,824.887469,1114.571873,6,2617,4,2080
159,1,79,1,L0079,201,1;2;0;0,0;0;2048;0,0;0;123;0,2,1,2048,40.96,2,True,1788144989.5307267,2048,2048,9.71846866607666,False,False,False,False,2048,40.96,1,1,False,0.0,cd7e7237fb6ab20148d74364033bdf624870180d873e2e2bf6862a8789383f40,True,,,1,0,535.11659,755.540986,6,2617,4,2080
160,1,98,1,L0098,203,0;0;0;0,0;0;2048;0,0;0;132;0,2,1,2048,40.96,2,True,1788144990.8377204,2048,2048,7.557092666625977,False,False,False,False,2048,40.96,1,1,False,0.0,03f53dda194b1f966cec96b7dbbe39bd8e38875c49a89db4883f9253f4a4e8b7,True,,,1,0,567.847847,944.375037,6,2617,4,2080
161,1,73,1,L0073,205,0;0;1;0,0;2048;0;0,0;106;0;0,1,0,2048,0.0,1,False,1788144990.837745,2048,2048,19.141995429992676,False,False,False,False,2048,0.0,1,1,False,0.0,dc0d3b13131502d2cbca938a37d6108ba2ddac587791fe9ae56b1ba948538578,True,,,1,0,539.968671,761.611,6,2617,4,2080
162,1,64,0,L0064,207,0;1;1;0,2048;0;2048;0,99;0;117;0,0,1,2048,40.96,0,True,1788144990.8377652,3072,2048,23.236046075820923,False,False,False,False,2048,40.96,2,2,False,0.0,89ab1fd29fabb4831977c76f7364b0119b43312d502c19ceae559c069078a15f,True,,,1,0,85.461902,256.506256,6,2094,4,2080
163,1,71,0,L0071,209,1;1;1;0,2048;0;2560;0,104;0;105;0,2,1,2560,49.2,2,True,1788144990.837783,3072,2560,19.142457008361816,False,False,False,False,2560,49.2,2,2,False,480.0,9f84395d1280ba178eac698c5bf1fc96b91392a8c65aaf89939f697412a02254,True,,,1,0,722.128422,997.577384,6,2094,4,2080
164,1,94,1,L0094,211,0;0;0;0,0;0;0;2048,0;0;0;134,3,0,2048,0.0,3,False,1788144991.8381932,2048,2048,7.157398223876953,False,False,False,False,2048,0.0,1,1,False,0.0,0c0ad4c4084074db87f78188cd20484293b8fea100716729e012616236a74ec0,True,,,1,0,625.529099,830.036476,6,2617,4,2080
165,1,88,0,L0088,213,0;0;0;1,0;0;0;0,0;0;0;0,0,0,0,0.0,0,False,1788144991.838247,0,0,,False,False,False,False,0,0.0,0,0,False,0.0,11eef2a2fc67e9a597c13429308f7195ec47cf22511dfccb9e62ff640193d5dc,True,,,1,0,1217.042029,1410.133335,6,2094,4,32
166,1,66,2,L0066,214,1;0;0;1,0;2048;0;0,0;95;0;0,1,0,2048,0.0,1,False,1788144991.8383002,2560,2048,25.498987436294556,False,False,False,False,2048,0.0,1,1,False,0.0,95c55bbbfd7be823f80a4dd15acb96207e42a9a99274328f677b96c1fc1e9872,True,,,1,0,604.822492,1691.640898,6,3140,4,2608
167,1,84,1,L0084,216,1;1;0;1,0;2048;0;0,0;120;0;0,1,1,2048,38.96,1,True,1788144991.83835,2048,2048,13.397300720214844,False,False,False,False,2048,38.96,1,1,False,0.0,12c13447dc7c00897b1e471fa4ba8b76640592c3a86d76e13a5c16e00740e464,True,,,1,0,1403.124797,1765.461607,6,2617,4,2080
168,1,76,0,L0076,218,0;0;0;0,0;0;0;0,0;0;0;0,2,0,0,0.0,2,False,1788144993.606702,0,0,,False,False,False,False,0,0.0,0,0,False,0.0,a7f7c14bec5f651c48b736cfb6c5b47b3a709ca470b318a0cfc670d0dcea0061,True,,,1,0,1183.382567,1364.407735,6,2094,4,32
169,1,67,1,L0067,219,0;0;1;0,0;2560;0;0,0;129;0;0,1,1,2560,51.2,1,True,1788144993.6067266,2048,2560,12.19060754776001,False,False,True,False,2560,51.2,1,1,False,0.0,b2c447e9f5fbb6c26de7c8febd15b8388c2a31aa8010b5dc3ba74f201fd5d1e5,True,,,1,0,98.908755,1048.624107,6,2617,4,2608
170,1,64,1,L0064,221,0;1;1;0,2048;0;2048;0,99;0;117;0,0,1,2048,40.96,0,True,1788144993.6067476,3072,2048,26.00502848625183,False,False,False,False,2048,40.96,2,2,False,0.0,6cefa8536cc24ccbd5b306d5f391b62218b19e55d7e36c5b5dc9cbd86e9e78a4,True,,,1,0,101.538993,308.967194,6,2617,4,2608
171,1,103,1,L0103,223,1;1;1;0,0;2048;0;0,0;97;0;0,1,1,2048,38.96,1,True,1788144993.6067648,2048,2048,26.0058536529541,False,False,False,False,2048,38.96,1,1,False,0.0,1353c8084ee6bd0fa91a9af3881f3c8c02b3cca1fe7937148bee7127663391f3,True,,,1,0,801.197244,1117.770939,6,2617,4,2080
172,1,116,0,L0116,225,0;0;0;0,0;0;0;0,0;0;0;0,1,0,0,0.0,1,False,1788144994.9719782,0,0,,False,False,False,False,0,0.0,0,0,False,0.0,648b3e4cfaf8381042bf56a79146feff16f54fd6fa606a89578896a5f94d45b2,True,,,1,0,1947.688192,2357.27278,6,2094,4,32
173,1,106,2,L0106,226,0;1;0;0,0;2560;0;2048,0;102;0;92,1,1,2560,49.2,1,True,1788144994.9720032,2560,2560,25.41041111946106,False,False,False,False,2560,49.2,2,2,False,0.0,23bfba5f57fcb2dc736ea5d7d39f0476cfd17eeeebcc0956fb0e26ff78668526,True,,,1,0,1947.533962,2357.218599,6,3140,4,2608
174,1,122,0,L0122,228,0;2;0;0,0;0;0;0,0;0;0;0,0,0,0,0.0,0,False,1788144994.9720187,0,0,,False,False,False,False,0,0.0,0,0,False,0.0,2d9ae38f6a2f696f0de7c2f42cb70c7c38ef990a76446c3b91e769f6dbaeb7d8,True,,,1,0,1079.045844,1256.461059,6,2094,4,32
175,1,76,1,L0076,229,1;2;0;0,0;0;0;0,0;0;0;0,3,0,0,0.0,3,False,1788144994.972031,2048,0,69.82402324676514,True,True,False,False,0,0.0,0,0,False,0.0,d6fb3225054124f361bc282e6166e553d561b360fd9f84a53db7d0c4d16382be,True,,,1,0,1734.028905,1941.403483,6,2617,4,32
176,1,98,2,L0098,230,0;0;0;0,0;0;2048;0,0;0;132;0,2,0,2048,0.0,2,False,1788144997.3316846,2560,2048,14.051056861877441,False,False,False,False,2048,0.0,1,1,False,0.0,77049de118f2f8dc29875667b3d8f4505f0c4030b128e8d339269ca5de5b1578,True,,,1,0,751.175049,1929.781919,6,3140,4,2608
177,1,79,2,L0079,232,0;0;1;0,0;0;2048;0,0;0;123;0,2,1,2048,38.96,2,True,1788144997.3317473,2560,2048,17.519489288330078,False,False,False,False,2048,38.96,1,1,False,0.0,e7ae8d1fe9481cf37fc55dcff111365b9bb4b3bfeb65ccde403f50b731fa2b59,True,,,1,0,1620.712219,2009.648267,6,3140,4,2608
178,1,78,0,L0078,234,0;0;2;0,0;0;0;0,0;0;0;0,0,0,0,0.0,0,False,1788144997.3317904,0,0,,False,False,False,False,0,0.0,0,0,False,0.0,9fddbfcd203214e275c3eb793ae998953d3c60b9f269ef019b3afa527a77e3ce,True,,,1,0,1164.575052,1533.35764,6,2094,4,32
179,1,64,2,L0064,235,1;0;2;0,3072;0;2560;0,142;0;137;0,0,1,3072,59.44,0,True,1788144997.3318403,3072,3072,9.162869215011597,False,False,True,False,3072,59.44,2,2,False,0.0,8cb4f8bc22abce3cffa9e6382555a3d5f5972c5325cb1a3803a7ef8e35ac2050,True,,,1,0,1164.121078,1533.032844,6,3140,4,3136
180,1,67,2,L0067,237,0;0;0;0,0;3072;0;0,0;143;0;0,1,0,3072,0.0,1,False,1788144999.3447607,2560,3072,11.17548418045044,False,False,False,False,3072,0.0,1,1,False,0.0,aad5b3781ff3e048274f5cb2dc46a72ff8aea6fdcdaa3eaabdb1f8d93b2be051,True,,,1,0,191.391002,608.984652,6,3140,4,3136
181,1,66,0,L0066,239,0;1;0;0,0;2048;0;0,0;95;0;0,1,1,2048,38.96,1,True,1788144999.3448284,3072,2048,33.005515575408936,False,False,False,False,2048,38.96,1,1,False,0.0,0a25bc856718e1ec8b1a7d0c9f153ef053a6b976113a4f45d288b631eb5d19bf,True,,,1,0,378.380882,663.387421,6,2094,4,2080
182,1,70,1,L0070,241,0;2;0;0,2048;0;0;2048,145;0;0;100,0,1,2048,40.96,0,True,1788144999.344886,3072,2048,11.175299167633057,False,False,False,False,2048,40.96,2,2,False,0.0,58b67c0c2115a5f30edbe4bc168b0a79312cae3cc58584d15226aae0fe94644c,True,,,1,0,104.068545,430.030062,6,2617,4,2608
183,1,64,0,L0064,243,1;2;0;0,3072;0;2560;0,142;0;137;0,0,1,3072,59.44,0,True,1788144999.344945,3072,3072,11.175973892211914,False,False,False,False,3072,59.44,2,2,False,992.0,89ab1fd29fabb4831977c76f7364b0119b43312d502c19ceae559c069078a15f,True,,,1,0,213.077146,486.062475,6,2094,4,2080
184,1,78,1,L0078,245,0;0;0;0,0;0;0;0,0;0;0;0,1,0,0,0.0,1,False,1788145000.0114107,2048,0,74.86340284347534,True,True,False,False,0,0.0,0,0,False,0.0,2900cabe1254e3df7e47151a1d87334fa5457620149a5a6abd3c9ac43c2ed1bf,True,,,1,0,1474.659642,1670.449593,6,2617,4,32
185,1,108,0,L0108,246,0;1;0;0,0;0;0;0,0;0;0;0,0,0,0,0.0,0,False,1788145000.0114644,0,0,,False,False,False,False,0,0.0,0,0,False,0.0,1b67cdd8058455040d246293e323ce5ffc4adbaefb203d8914acd9bec62b1114,True,,,1,0,1583.224179,1904.011515,6,2094,4,32
186,1,126,1,L0126,247,1;1;0;0,2048;0;0;0,136;0;0;0,0,1,2048,38.96,0,True,1788145000.0115225,2048,2048,15.3296217918396,False,False,False,False,2048,38.96,1,1,False,0.0,8c26fb938add884ed0e42d2ca6a82c6b0a04b4637413af228042a54746b733ff,True,,,1,0,1582.762398,1903.679472,6,2617,4,2080
187,1,114,0,L0114,249,2;1;0;0,0;0;0;0,0;0;0;0,3,0,0,0.0,3,False,1788145000.0115607,0,0,,False,False,False,False,0,0.0,0,0,False,0.0,ccefcc81d1bbd469eb4b749d7b9ab348b28a4874c88699df9ccafdcc0df0de34,True,,,1,0,1448.942109,1646.692014,6,2094,4,32
188,1,70,2,L0070,250,0;0;0;0,2048;0;0;2048,145;0;0;100,3,1,2048,40.96,3,True,1788145001.9187562,3072,2048,32.35822367668152,False,False,False,False,2048,40.96,2,2,False,0.0,82600a2cd3c7ed766e7ed488a6a08935ae1be9141a5e8ab58f16a6770407ebc6,True,,,1,0,980.402166,1203.474702,6,3140,4,2080
189,1,88,1,L0088,252,0;0;0;1,0;0;0;0,0;0;0;0,0,0,0,0.0,0,False,1788145001.9188123,2048,0,76.7708044052124,True,True,False,False,0,0.0,0,0,False,0.0,d88d39d815540a85c7dde9e06e39cc64f6a920919efc345a056763e747ae1680,True,,,1,0,555.326684,782.854262,6,2617,4,2080
190,1,67,0,L0067,253,1;0;0;1,0;2048;0;0,0;150;0;0,1,1,2048,40.96,1,True,1788145001.918869,3072,2048,11.081887483596802,False,False,False,False,2048,40.96,1,1,False,0.0,476312442543fe078be4e6568d8f107220f6d461ab0c6eb0545d91beb5a0e4cb,True,,,1,0,87.606668,935.43794,6,2094,4,2080
191,1,69,1,L0069,255,1;1;0;1,0;2048;0;0,0;131;0;0,1,1,2048,38.96,1,True,1788145001.9189193,2048,2048,18.63872194290161,False,False,False,False,2048,38.96,1,1,False,0.0,7c7aa8dbb23b572ccc35a933a32fd261ca39b2e8dd5f311c87d45095dfeae8ae,True,,,1,0,726.941031,996.231355,6,2617,4,2080
